t1 = 1/20
t2 = 1/14
t3 = 1/17


t1*3/t2